(2013-05-16) Slightly adjusted hip and ankle roll to lean backward a little bit

ID: 1(R_SHO_PITCH)  [1480]     0  [1480]| 1495     15     32    137    192     
ID: 2(L_SHO_PITCH)  [2610]     0  [2610]| 2596    -14     32    137    192     
ID: 3(R_SHO_ROLL)   [1747]   100  [1847]| 1845     -2     32    137    192     
ID: 4(L_SHO_ROLL)   [2343]   -50  [2293]| 2300      7     32    137    192     
ID: 5(R_ELBOW)      [2147]   -40  [2107]| 2098     -9     32    137    192     
ID: 6(L_ELBOW)      [1944]     0  [1944]| 1947      3     32    137    192     
ID: 7(R_HIP_YAW)    [2047]   -25  [2022]| 2026      4     32    137    192     
ID: 8(L_HIP_YAW)    [2047]   -35  [2012]| 2014      2     32    137    192     
ID: 9(R_HIP_ROLL)   [2047]     0  [2047]| 2035    -12     32    137    192     
ID:10(L_HIP_ROLL)   [2047]   -20  [2027]| 2020     -7     32    137    192     
ID:11(R_HIP_PITCH)  [2013]   -20  [1993]| 1969    -24     32    137    192     
ID:12(L_HIP_PITCH)  [2080]    20  [2100]| 2126     26     32    137    192     
ID:13(R_KNEE)       [2047]     0  [2047]| 2045     -2     32    137    192     
ID:14(L_KNEE)       [2047]     0  [2047]| 2054      7     32    137    192     
ID:15(R_ANK_PITCH)  [2063]   -80  [1983]| 1991      8     32    137    192     
ID:16(L_ANK_PITCH)  [2030]    60  [2090]| 2081     -9     32    137    192     
ID:17(R_ANK_ROLL)   [2047]   -20  [2027]| 2037     10     32    137    192     
ID:18(L_ANK_ROLL)   [2047]   -20  [2027]| 2021     -6     32    137    192     
ID:19(HEAD_PAN)     [2047]     0  [2047]| 2053      6     32    137    192     
ID:20(HEAD_TILT)    [2170]     0  [2170]| 2163     -7     32    137    192     
                     GOAL  OFFSET MODVAL PRSPOS ERRORS P_GAIN I_GAIN D_GAIN


(2013-05-15) Minimal Modifications to previous version

ID: 1(R_SHO_PITCH)  [1480]     0  [1480]| 1490     10     32    137    192     
ID: 2(L_SHO_PITCH)  [2610]     0  [2610]| 2600    -10     32    137    192     
ID: 3(R_SHO_ROLL)   [1747]   100  [1847]| 1845     -2     32    137    192     
ID: 4(L_SHO_ROLL)   [2343]   -50  [2293]| 2300      7     32    137    192     
ID: 5(R_ELBOW)      [2147]   -40  [2107]| 2099     -8     32    137    192     
ID: 6(L_ELBOW)      [1944]     0  [1944]| 1947      3     32    137    192     
ID: 7(R_HIP_YAW)    [2047]   -25  [2022]| 2016     -6     32    137    192     
ID: 8(L_HIP_YAW)    [2047]   -35  [2012]| 2011     -1     32    137    192     
ID: 9(R_HIP_ROLL)   [2047]     0  [2047]| 2039     -8     32    137    192     
ID:10(L_HIP_ROLL)   [2047]   -20  [2027]| 2034      7     32    137    192     
ID:11(R_HIP_PITCH)  [2013]    10  [2023]| 2033     10     32    137    192     
ID:12(L_HIP_PITCH)  [2080]     0  [2080]| 2073     -7     32    137    192     
ID:13(R_KNEE)       [2047]     0  [2047]| 2052      5     32    137    192     
ID:14(L_KNEE)       [2047]     0  [2047]| 2044     -3     32    137    192     
ID:15(R_ANK_PITCH)  [2063]   -40  [1983]| 2032      9     32    137    192     
ID:16(L_ANK_PITCH)  [2030]    20  [2090]| 2040    -10     32    137    192     
ID:17(R_ANK_ROLL)   [2047]   -20  [2027]| 2027      0     32    137    192     
ID:18(L_ANK_ROLL)   [2047]   -20  [2027]| 2025     -2     32    137    192     
ID:19(HEAD_PAN)     [2047]     0  [2047]| 2042     -5     32    137    192     
ID:20(HEAD_TILT)    [2170]     0  [2170]| 2175      5     32    137    192     
                     GOAL  OFFSET MODVAL PRSPOS ERRORS P_GAIN I_GAIN D_GAIN



